-7.908399892790645147e-01
5.943781256515044964e-01
-4.458380878872609254e-01
-3.986842930885255154e-02
3.246271008949640491e-01
1.378333936328246967e+00
-1.960883898163004180e-01
-7.660719871353944832e-01
2.195073165393088555e-01
-7.825062822860754386e-01
4.739157241704780588e-02
-2.106525917662601388e-01
-1.159543751960357555e-01
-1.540092429756691805e+00
-3.659134153064166339e-01
-4.429809285432765864e-01
-8.620069862878826372e-01
3.279173554774855170e-01
-2.286028569471870941e+00
-1.134815740298201481e-01
2.084625040051709011e+00
-2.767773344757005760e-01
-2.433381116369437713e-01
2.308391363687091469e-01
4.969268315535830746e-03
8.153122719670545804e-01
7.101155601571158549e-01
-4.649999218775075494e-01
-1.541247798751414821e+00
-8.711854063118129599e-02
1.401646392313684597e+00
-4.392503482013823124e-01
-1.356099694486539775e+00
7.323125299275835554e-01
-3.912516038316303790e-01
7.480198280043749426e-01
5.303588031053395602e-01
-1.529740615236168666e-01
-4.825596519430159215e-01
3.613188774521526869e-01
7.485513512601600361e-01
1.359220094097512155e-01
-3.143309951203942521e-01
-2.748402703077504894e-01
3.583333799167330580e-02
-2.102194447614990080e-01
-6.904766053684643357e-01
-8.378303742951702382e-02
1.218510133414308250e+00
-8.397670222924341621e-01
-1.778575322749686771e+00
1.277573732898678038e+00
-1.313448614658261571e+00
1.687686967572011587e-01
6.617914013062544676e-01
-8.727649897576732485e-01
1.448070456242331661e+00
-4.650520465406129400e-01
1.026357685619721183e+00
-1.209654913392105735e+00
-1.743912860791850816e+00
-1.134047186899384885e+00
6.210661954769001181e-01
3.129743835223158244e-01
7.940503900143629501e-01
1.305474444341333529e+00
1.508083832856113249e+00
5.567025077507793407e-01
6.012093577290715807e-01
1.154181666041131371e-01
-1.021561402273561514e+00
-6.424559335649586700e-01
1.990327752336859435e+00
1.888020880398034451e-01
-1.198463269250756191e+00
1.512030417203747978e+00
-2.320571282937328395e+00
5.449114018717594599e-01
-7.396348131453377439e-01
5.740538901115338488e-01
3.137095392948129058e-02
-3.720672623894299980e-01
-1.257719056506535704e+00
6.250887420092527957e-01
-4.553037380712894322e-01
4.017827187648839171e-01
3.431294680898138716e-01
9.663515781501502699e-01
9.830487020836369272e-01
-1.741828559552255129e+00
1.116232026092674579e+00
1.049011026313336536e+00
3.383593844313605437e-01
1.855592323286233247e+00
-2.169547840054498189e-01
-2.239508384182510525e+00
-5.734372955869793120e-01
2.485807541831396850e-01
1.005149376096869940e+00
-2.558263103306246400e-01
-6.367968018470820946e-01
4.498483473312320791e-01
-5.086707112296653399e-01
7.519790302001949645e-01
-5.498560388600826077e-01
-7.584640501565066417e-01
1.614132637012967386e+00
4.313702095061098807e-01
-1.261452848861540632e-01
-5.246377528273198365e-01
-1.423903018818689636e+00
-8.489978511744999956e-02
5.148406818081737724e-01
6.150375367017080208e-01
-6.714845066945838159e-01
-1.298722963812926734e+00
-1.508442066713403529e+00
4.568178170833112062e-01
4.784948310416344275e-01
1.582674716953329013e-03
2.179064249095168659e-01
2.442352845982298515e-01
-1.584410365890015715e+00
6.198308331071791244e-01
-5.922673737426266127e-01
-4.480311107630283729e-01
-3.465706086286803322e-01
-6.721135210690736272e-01
2.047004288356396806e+00
1.325866092602168811e+00
2.483564072700771008e-01
-2.742283662624641627e-01
8.704550063399649207e-02
-1.201864539279617672e+00
5.041330368267278317e-01
-3.778655758864729597e-01
-2.548827138744885201e-01
-9.930995115825840269e-01
1.080550218874383406e+00
-9.049548820551343020e-01
1.561064966627636830e+00
-2.855778055819371830e-01
1.269105626277967414e+00
2.074249758170172431e-01
1.561496737409915792e+00
1.347478400750910632e+00
1.325987162419020704e+00
2.133128808820606015e-01
2.428588248135392022e-02
1.514525703519825350e-01
-1.719156818525544861e-01
9.278345964511496013e-02
-2.054460680936540218e+00
-3.400274381825058589e-01
-3.517942585545554279e-01
-4.616450266054995533e-01
-7.377579798654952947e-01
-1.301337098152386892e-02
1.600486668799015189e-01
1.260325294807567831e+00
6.356674966833719687e-01
-2.110746623660082477e-01
3.333278215471526806e-01
1.053328875180239432e+00
-2.751325059399111761e-01
-6.146213831340798794e-01
-1.250751801151716025e+00
2.590594568089814032e-01
1.770063389203486270e+00
2.426309387442376231e+00
-5.453309392605426575e-01
-4.898156741308490325e-01
-1.035083959359557465e-01
2.112083753717060475e+00
7.195339069201300841e-01
-6.336309052275390652e-01
8.921125971420063028e-01
-8.039723558649656265e-01
-7.517233190978064306e-01
-3.832003070807775136e-01
1.521450060189517117e+00
5.156875078537825896e-01
2.194065576467259526e-01
-2.185075832669036155e-01
-1.743250304200358425e+00
-2.685015336100466388e-01
2.370388408621757204e-01
8.815155654192903256e-01
-1.655295691913478695e+00
-3.078933981204410864e-01
3.395002900172142124e-01
3.708826690832295325e-01
5.705930800346196152e-01
9.495150061878249170e-01
-2.714353340352154698e-01
-6.766946719687267908e-01
3.226406073889513948e-01
1.731687175631083098e-01
-4.727802142799163443e-01
3.318233499972907952e-01
-7.176738489662422005e-01
-9.981836955209461015e-01
3.887157308271104172e-01
-1.068405681812931274e+00
-2.656631611953665484e+00
-4.688234255784300974e-01
1.676489723669181808e+00
4.847654301608824712e-01
-7.119447280978570269e-01
-5.650554048521888584e-01
5.918187266397255675e-01
-5.707772921103767549e-01
5.720494416599428700e-01
1.102570062390201500e+00
1.055584138153585538e+00
-2.811700554674947949e-01
7.666642782968864367e-01
-1.852151709863540052e+00
-5.719489828212758198e-01
8.592258769663866369e-01
-4.740701818749293306e-01
-2.034707883398887418e+00
-1.928716994149326514e+00
-7.482928009662349611e-01
7.054419371385362014e-01
3.465085515098292879e-01
5.522232855680232477e-01
2.760407239561742943e-01
-2.486411685421815232e+00
-1.684623168415348093e+00
-1.042564439860135472e+00
-7.319248521081207493e-01
-7.978412934796406120e-01
3.124634289472508097e+00
7.747923623167719542e-01
1.576977947060680174e+00
6.290758214299911888e-01
8.695383656942239081e-02
5.981689056545301808e-01
1.790693048117796560e-01
1.101837796438656092e+00
1.141667425041394124e-01
4.053393601884621722e-01
-2.058462117268198555e-01
-1.113515423974496404e-01
5.897953412592992217e-01
-9.881758697950908665e-01
1.386245173168491940e+00
4.515783433187701285e-02
1.589311034125991950e-01
7.730143730838844318e-01
-3.443823776974095363e-01
-2.425623083503038180e-01
7.895151253502517841e-02
-1.497461664588509711e+00
4.821000104030944700e-01
